function psi=fff(a1,a2)
psi=1.5*a1^2-2.5*a1+2*a1*a2-2.1*a2+a2^2+1.1825;
